1.959223411999119
0.8497420759958914
1.373126416001469
1.3045227320035337
0.8675022120005451
0.8348943739983952
0.8284678589989198
0.8475571870003478
0.8826982690006844
0.961678188003134
1.472582403999695
0.7991528909988119
0.8092216590011958
0.7869137550005689
0.9067180999991251
0.8498610809983802
0.9408915790045285
0.8156829470026423
0.8847589860015432
0.92973185700248
0.8020276809984352
0.8700764859968331
0.8523844480005209
0.844497625999793
0.9013161559996661
0.8658801079945988
0.7802208510038326
0.7992501640037517
0.8375383489983506
0.8075026919977972
0.8203931850002846
0.7995859650036437
0.8734963500028243
1.986841315003403
1.0248015329998452
0.8748203630020726
1.252966820000438
1.4512740119971568
0.8554305910001858
0.8241966519999551
1.1776152279999224
0.7801264310037368
0.9340580749994842
0.9102570109971566
0.9351484310027445
0.8123072390008019
1.3702525440021418
2.245637125997746
0.8706647260041791
